[2024-09-10 16:21:54.848] [info] Updating Model file from 40000 to latest format...
[2024-09-10 16:21:54.867] [info] Loaded model OpenSense_Subject from file E:\data\opensim\self_defination_model\model\Rajagopal2015_opensense.osim
[2024-09-10 16:59:50.895] [info] Heading correction computed to be 160.695 degs about ground Y.
[2024-09-10 16:59:50.896] [info] Processing torso_imu
[2024-09-10 16:59:50.896] [info] Computed offset for torso_imu
[2024-09-10 16:59:50.896] [info] Offset is 
[0.094694,0.995493,0.00514773]
[0.0366046,0.00168563,-0.999328]
[-0.994833,0.0948188,-0.03628]

[2024-09-10 16:59:50.897] [info] Creating offset frame for torso_imu
[2024-09-10 16:59:50.897] [info] Added offset frame for torso_imu.
[2024-09-10 16:59:50.897] [info] torso_imu offset computed from torso_imu data from file.
[2024-09-10 16:59:50.898] [info] Processing humerus_r_imu
[2024-09-10 16:59:50.898] [info] Computed offset for humerus_r_imu
[2024-09-10 16:59:50.898] [info] Offset is 
[0.0711262,0.9973,0.0182466]
[-0.00979898,0.0189907,-0.999772]
[-0.997419,0.0709312,0.0111233]

[2024-09-10 16:59:50.898] [info] Creating offset frame for humerus_r_imu
[2024-09-10 16:59:50.899] [info] Added offset frame for humerus_r_imu.
[2024-09-10 16:59:50.899] [info] humerus_r_imu offset computed from humerus_r_imu data from file.
[2024-09-10 16:59:50.899] [info] Processing humerus_l_imu
[2024-09-10 16:59:50.899] [info] Computed offset for humerus_l_imu
[2024-09-10 16:59:50.899] [info] Offset is 
[0.00283366,0.99997,-0.00718711]
[0.00853577,-0.00721106,-0.999938]
[-0.99996,0.00277214,-0.00855595]

[2024-09-10 16:59:50.899] [info] Creating offset frame for humerus_l_imu
[2024-09-10 16:59:50.899] [info] Added offset frame for humerus_l_imu.
[2024-09-10 16:59:50.899] [info] humerus_l_imu offset computed from humerus_l_imu data from file.
[2024-09-10 16:59:50.899] [info] Processing radius_r_imu
[2024-09-10 16:59:50.899] [info] Computed offset for radius_r_imu
[2024-09-10 16:59:50.899] [info] Offset is 
[-0.361681,0.92774,0.0921207]
[0.0771309,0.128247,-0.988738]
[-0.929106,-0.350503,-0.117942]

[2024-09-10 16:59:50.899] [info] Creating offset frame for radius_r_imu
[2024-09-10 16:59:50.900] [info] Added offset frame for radius_r_imu.
[2024-09-10 16:59:50.900] [info] radius_r_imu offset computed from radius_r_imu data from file.
[2024-09-10 16:59:50.900] [info] Processing radius_l_imu
[2024-09-10 16:59:50.900] [info] Computed offset for radius_l_imu
[2024-09-10 16:59:50.900] [info] Offset is 
[-0.299835,0.952905,0.0455063]
[-0.101886,0.0154424,-0.994676]
[-0.948535,-0.302875,0.0924571]

[2024-09-10 16:59:50.900] [info] Creating offset frame for radius_l_imu
[2024-09-10 16:59:50.900] [info] Added offset frame for radius_l_imu.
[2024-09-10 16:59:50.901] [info] radius_l_imu offset computed from radius_l_imu data from file.
[2024-09-10 16:59:50.901] [info] Processing pelvis_imu
[2024-09-10 16:59:50.901] [info] Computed offset for pelvis_imu
[2024-09-10 16:59:50.901] [info] Offset is 
[-0.0437903,0.995904,-0.0791024]
[-0.591436,-0.0896553,-0.801352]
[-0.805162,0.0116926,0.59294]

[2024-09-10 16:59:50.901] [info] Creating offset frame for pelvis_imu
[2024-09-10 16:59:50.901] [info] Added offset frame for pelvis_imu.
[2024-09-10 16:59:50.901] [info] pelvis_imu offset computed from pelvis_imu data from file.
[2024-09-10 16:59:50.901] [info] Processing femur_r_imu
[2024-09-10 16:59:50.901] [info] Computed offset for femur_r_imu
[2024-09-10 16:59:50.901] [info] Offset is 
[-0.366342,0.926738,0.083367]
[0.000890249,0.0899447,-0.995946]
[-0.93048,-0.364783,-0.0337755]

[2024-09-10 16:59:50.901] [info] Creating offset frame for femur_r_imu
[2024-09-10 16:59:50.902] [info] Added offset frame for femur_r_imu.
[2024-09-10 16:59:50.902] [info] femur_r_imu offset computed from femur_r_imu data from file.
[2024-09-10 16:59:50.902] [info] Processing femur_l_imu
[2024-09-10 16:59:50.902] [info] Computed offset for femur_l_imu
[2024-09-10 16:59:50.902] [info] Offset is 
[-0.923343,0.353723,0.149391]
[-0.108325,0.133294,-0.985139]
[-0.368379,-0.925804,-0.0847593]

[2024-09-10 16:59:50.902] [info] Creating offset frame for femur_l_imu
[2024-09-10 16:59:50.902] [info] Added offset frame for femur_l_imu.
[2024-09-10 16:59:50.902] [info] femur_l_imu offset computed from femur_l_imu data from file.
[2024-09-10 16:59:50.902] [info] Processing tibia_r_imu
[2024-09-10 16:59:50.902] [info] Computed offset for tibia_r_imu
[2024-09-10 16:59:50.902] [info] Offset is 
[-0.284758,0.956255,0.0670082]
[0.00725564,0.0720502,-0.997375]
[-0.958572,-0.283524,-0.0274551]

[2024-09-10 16:59:50.902] [info] Creating offset frame for tibia_r_imu
[2024-09-10 16:59:50.903] [info] Added offset frame for tibia_r_imu.
[2024-09-10 16:59:50.903] [info] tibia_r_imu offset computed from tibia_r_imu data from file.
[2024-09-10 16:59:50.903] [info] Processing tibia_l_imu
[2024-09-10 16:59:50.903] [info] Computed offset for tibia_l_imu
[2024-09-10 16:59:50.903] [info] Offset is 
[-0.138803,0.988533,0.059474]
[-0.0287202,0.0560119,-0.998017]
[-0.989903,-0.140236,0.0206162]

[2024-09-10 16:59:50.903] [info] Creating offset frame for tibia_l_imu
[2024-09-10 16:59:50.904] [info] Added offset frame for tibia_l_imu.
[2024-09-10 16:59:50.904] [info] tibia_l_imu offset computed from tibia_l_imu data from file.
[2024-09-10 17:14:39.394] [info] Heading correction computed to be 160.695 degs about ground Y.
[2024-09-10 17:14:39.395] [info] Processing torso_imu
[2024-09-10 17:14:39.395] [info] Computed offset for torso_imu
[2024-09-10 17:14:39.395] [info] Offset is 
[0.094694,0.995493,0.00514773]
[0.0366046,0.00168563,-0.999328]
[-0.994833,0.0948188,-0.03628]

[2024-09-10 17:14:39.395] [info] torso_imu offset computed from torso_imu data from file.
[2024-09-10 17:14:39.395] [info] Processing humerus_r_imu
[2024-09-10 17:14:39.395] [info] Computed offset for humerus_r_imu
[2024-09-10 17:14:39.395] [info] Offset is 
[0.99742,-0.0709217,-0.0111231]
[-0.00979898,0.0189907,-0.999772]
[0.0711167,0.997301,0.0182468]

[2024-09-10 17:14:39.395] [info] humerus_r_imu offset computed from humerus_r_imu data from file.
[2024-09-10 17:14:39.395] [info] Processing humerus_l_imu
[2024-09-10 17:14:39.395] [info] Computed offset for humerus_l_imu
[2024-09-10 17:14:39.395] [info] Offset is 
[-0.99996,0.00278167,-0.00855602]
[0.00853577,-0.00721106,-0.999938]
[-0.0028432,-0.99997,0.00718703]

[2024-09-10 17:14:39.395] [info] humerus_l_imu offset computed from humerus_l_imu data from file.
[2024-09-10 17:14:39.395] [info] Processing radius_r_imu
[2024-09-10 17:14:39.395] [info] Computed offset for radius_r_imu
[2024-09-10 17:14:39.395] [info] Offset is 
[0.929102,0.350511,0.117943]
[0.0771309,0.128247,-0.988738]
[-0.36169,0.927736,0.0921196]

[2024-09-10 17:14:39.395] [info] radius_r_imu offset computed from radius_r_imu data from file.
[2024-09-10 17:14:39.395] [info] Processing radius_l_imu
[2024-09-10 17:14:39.395] [info] Computed offset for radius_l_imu
[2024-09-10 17:14:39.395] [info] Offset is 
[-0.948538,-0.302866,0.0924575]
[-0.101886,0.0154424,-0.994676]
[0.299826,-0.952908,-0.0455054]

[2024-09-10 17:14:39.395] [info] radius_l_imu offset computed from radius_l_imu data from file.
[2024-09-10 17:14:39.395] [info] Processing pelvis_imu
[2024-09-10 17:14:39.395] [info] Computed offset for pelvis_imu
[2024-09-10 17:14:39.395] [info] Offset is 
[-0.0437903,0.995904,-0.0791024]
[-0.591436,-0.0896553,-0.801352]
[-0.805162,0.0116926,0.59294]

[2024-09-10 17:14:39.395] [info] pelvis_imu offset computed from pelvis_imu data from file.
[2024-09-10 17:14:39.395] [info] Processing femur_r_imu
[2024-09-10 17:14:39.396] [info] Computed offset for femur_r_imu
[2024-09-10 17:14:39.396] [info] Offset is 
[-0.366342,0.926738,0.083367]
[0.000890257,0.0899447,-0.995946]
[-0.93048,-0.364783,-0.0337755]

[2024-09-10 17:14:39.396] [info] femur_r_imu offset computed from femur_r_imu data from file.
[2024-09-10 17:14:39.396] [info] Processing femur_l_imu
[2024-09-10 17:14:39.396] [info] Computed offset for femur_l_imu
[2024-09-10 17:14:39.396] [info] Offset is 
[-0.923343,0.353723,0.149391]
[-0.108325,0.133294,-0.985139]
[-0.368379,-0.925804,-0.0847593]

[2024-09-10 17:14:39.396] [info] femur_l_imu offset computed from femur_l_imu data from file.
[2024-09-10 17:14:39.396] [info] Processing tibia_r_imu
[2024-09-10 17:14:39.396] [info] Computed offset for tibia_r_imu
[2024-09-10 17:14:39.396] [info] Offset is 
[-0.28473,0.956256,0.0671082]
[0.00722426,0.0721444,-0.997368]
[-0.958581,-0.283496,-0.0274499]

[2024-09-10 17:14:39.396] [info] tibia_r_imu offset computed from tibia_r_imu data from file.
[2024-09-10 17:14:39.396] [info] Processing tibia_l_imu
[2024-09-10 17:14:39.396] [info] Computed offset for tibia_l_imu
[2024-09-10 17:14:39.396] [info] Offset is 
[-0.138829,0.988523,0.0595738]
[-0.0287308,0.0561107,-0.998011]
[-0.989899,-0.140265,0.0206113]

[2024-09-10 17:14:39.396] [info] tibia_l_imu offset computed from tibia_l_imu data from file.
[2024-09-11 12:36:54.034] [info] Updating Model file from 40000 to latest format...
[2024-09-11 12:36:54.099] [info] Loaded model OpenSense_Subject from file E:\data\opensim\self_defination_model\model\Rajagopal2015_opensense.osim
[2024-09-11 12:37:23.565] [info] Heading correction computed to be 160.695 degs about ground Y.
[2024-09-11 12:37:23.566] [info] Processing torso_imu
[2024-09-11 12:37:23.566] [info] Computed offset for torso_imu
[2024-09-11 12:37:23.567] [info] Offset is 
[0.094694,0.995493,0.00514773]
[0.0366046,0.00168563,-0.999328]
[-0.994833,0.0948188,-0.03628]

[2024-09-11 12:37:23.568] [info] Creating offset frame for torso_imu
[2024-09-11 12:37:23.568] [info] Added offset frame for torso_imu.
[2024-09-11 12:37:23.568] [info] torso_imu offset computed from torso_imu data from file.
[2024-09-11 12:37:23.568] [info] Processing humerus_r_imu
[2024-09-11 12:37:23.568] [info] Computed offset for humerus_r_imu
[2024-09-11 12:37:23.568] [info] Offset is 
[0.0711262,0.9973,0.0182466]
[-0.00979898,0.0189907,-0.999772]
[-0.997419,0.0709312,0.0111233]

[2024-09-11 12:37:23.568] [info] Creating offset frame for humerus_r_imu
[2024-09-11 12:37:23.569] [info] Added offset frame for humerus_r_imu.
[2024-09-11 12:37:23.569] [info] humerus_r_imu offset computed from humerus_r_imu data from file.
[2024-09-11 12:37:23.569] [info] Processing humerus_l_imu
[2024-09-11 12:37:23.569] [info] Computed offset for humerus_l_imu
[2024-09-11 12:37:23.569] [info] Offset is 
[0.00283366,0.99997,-0.00718711]
[0.00853577,-0.00721106,-0.999938]
[-0.99996,0.00277214,-0.00855595]

[2024-09-11 12:37:23.569] [info] Creating offset frame for humerus_l_imu
[2024-09-11 12:37:23.570] [info] Added offset frame for humerus_l_imu.
[2024-09-11 12:37:23.570] [info] humerus_l_imu offset computed from humerus_l_imu data from file.
[2024-09-11 12:37:23.570] [info] Processing radius_r_imu
[2024-09-11 12:37:23.570] [info] Computed offset for radius_r_imu
[2024-09-11 12:37:23.570] [info] Offset is 
[-0.361681,0.92774,0.0921207]
[0.0771309,0.128247,-0.988738]
[-0.929106,-0.350503,-0.117942]

[2024-09-11 12:37:23.570] [info] Creating offset frame for radius_r_imu
[2024-09-11 12:37:23.570] [info] Added offset frame for radius_r_imu.
[2024-09-11 12:37:23.570] [info] radius_r_imu offset computed from radius_r_imu data from file.
[2024-09-11 12:37:23.570] [info] Processing radius_l_imu
[2024-09-11 12:37:23.570] [info] Computed offset for radius_l_imu
[2024-09-11 12:37:23.570] [info] Offset is 
[-0.299835,0.952905,0.0455063]
[-0.101886,0.0154424,-0.994676]
[-0.948535,-0.302875,0.0924571]

[2024-09-11 12:37:23.570] [info] Creating offset frame for radius_l_imu
[2024-09-11 12:37:23.571] [info] Added offset frame for radius_l_imu.
[2024-09-11 12:37:23.571] [info] radius_l_imu offset computed from radius_l_imu data from file.
[2024-09-11 12:37:23.571] [info] Processing pelvis_imu
[2024-09-11 12:37:23.571] [info] Computed offset for pelvis_imu
[2024-09-11 12:37:23.571] [info] Offset is 
[-0.0437903,0.995904,-0.0791024]
[-0.591436,-0.0896553,-0.801352]
[-0.805162,0.0116926,0.59294]

[2024-09-11 12:37:23.571] [info] Creating offset frame for pelvis_imu
[2024-09-11 12:37:23.571] [info] Added offset frame for pelvis_imu.
[2024-09-11 12:37:23.572] [info] pelvis_imu offset computed from pelvis_imu data from file.
[2024-09-11 12:37:23.572] [info] Processing femur_r_imu
[2024-09-11 12:37:23.572] [info] Computed offset for femur_r_imu
[2024-09-11 12:37:23.572] [info] Offset is 
[-0.366342,0.926738,0.083367]
[0.000890249,0.0899447,-0.995946]
[-0.93048,-0.364783,-0.0337755]

[2024-09-11 12:37:23.572] [info] Creating offset frame for femur_r_imu
[2024-09-11 12:37:23.572] [info] Added offset frame for femur_r_imu.
[2024-09-11 12:37:23.572] [info] femur_r_imu offset computed from femur_r_imu data from file.
[2024-09-11 12:37:23.572] [info] Processing femur_l_imu
[2024-09-11 12:37:23.572] [info] Computed offset for femur_l_imu
[2024-09-11 12:37:23.572] [info] Offset is 
[-0.923343,0.353723,0.149391]
[-0.108325,0.133294,-0.985139]
[-0.368379,-0.925804,-0.0847593]

[2024-09-11 12:37:23.572] [info] Creating offset frame for femur_l_imu
[2024-09-11 12:37:23.573] [info] Added offset frame for femur_l_imu.
[2024-09-11 12:37:23.573] [info] femur_l_imu offset computed from femur_l_imu data from file.
[2024-09-11 12:37:23.573] [info] Processing tibia_r_imu
[2024-09-11 12:37:23.573] [info] Computed offset for tibia_r_imu
[2024-09-11 12:37:23.573] [info] Offset is 
[-0.284758,0.956255,0.0670082]
[0.00725564,0.0720502,-0.997375]
[-0.958572,-0.283524,-0.0274551]

[2024-09-11 12:37:23.573] [info] Creating offset frame for tibia_r_imu
[2024-09-11 12:37:23.573] [info] Added offset frame for tibia_r_imu.
[2024-09-11 12:37:23.573] [info] tibia_r_imu offset computed from tibia_r_imu data from file.
[2024-09-11 12:37:23.573] [info] Processing tibia_l_imu
[2024-09-11 12:37:23.573] [info] Computed offset for tibia_l_imu
[2024-09-11 12:37:23.573] [info] Offset is 
[-0.138803,0.988533,0.059474]
[-0.0287202,0.0560119,-0.998017]
[-0.989903,-0.140236,0.0206162]

[2024-09-11 12:37:23.573] [info] Creating offset frame for tibia_l_imu
[2024-09-11 12:37:23.574] [info] Added offset frame for tibia_l_imu.
[2024-09-11 12:37:23.574] [info] tibia_l_imu offset computed from tibia_l_imu data from file.
[2024-09-11 12:38:20.500] [info] Loading orientations as quaternions from 'E:\data\opensim\self_defination_model\orientation_file\greeting_orientation.sto'...
[2024-09-11 13:35:09.154] [info] Updating Model file from 40000 to latest format...
[2024-09-11 13:35:09.161] [info] Loaded model OpenSense_Subject from file E:\data\opensim\self_defination_model\model\Rajagopal2015_opensense.osim
[2024-09-11 13:35:33.708] [info] Heading correction computed to be 166.136 degs about ground Y.
[2024-09-11 13:35:33.709] [info] Processing torso_imu
[2024-09-11 13:35:33.709] [info] Computed offset for torso_imu
[2024-09-11 13:35:33.709] [info] Offset is 
[-5.59497e-05,0.999999,0.00168472]
[0.0366046,0.00168563,-0.999328]
[-0.99933,5.75618e-06,-0.0366046]

[2024-09-11 13:35:33.709] [info] Creating offset frame for torso_imu
[2024-09-11 13:35:33.710] [info] Added offset frame for torso_imu.
[2024-09-11 13:35:33.710] [info] torso_imu offset computed from torso_imu data from file.
[2024-09-11 13:35:33.710] [info] Processing humerus_r_imu
[2024-09-11 13:35:33.710] [info] Computed offset for humerus_r_imu
[2024-09-11 13:35:33.710] [info] Offset is 
[-0.0237628,0.999533,0.0192191]
[-0.00979898,0.0189907,-0.999772]
[-0.99967,-0.0239457,0.00934313]

[2024-09-11 13:35:33.710] [info] Creating offset frame for humerus_r_imu
[2024-09-11 13:35:33.711] [info] Added offset frame for humerus_r_imu.
[2024-09-11 13:35:33.711] [info] humerus_r_imu offset computed from humerus_r_imu data from file.
[2024-09-11 13:35:33.711] [info] Processing humerus_l_imu
[2024-09-11 13:35:33.711] [info] Computed offset for humerus_l_imu
[2024-09-11 13:35:33.711] [info] Offset is 
[-0.0919885,0.995728,-0.00796595]
[0.00853577,-0.00721106,-0.999938]
[-0.995723,-0.0920508,-0.00783597]

[2024-09-11 13:35:33.711] [info] Creating offset frame for humerus_l_imu
[2024-09-11 13:35:33.711] [info] Added offset frame for humerus_l_imu.
[2024-09-11 13:35:33.711] [info] humerus_l_imu offset computed from humerus_l_imu data from file.
[2024-09-11 13:35:33.711] [info] Processing radius_r_imu
[2024-09-11 13:35:33.711] [info] Computed offset for radius_r_imu
[2024-09-11 13:35:33.711] [info] Offset is 
[-0.448143,0.890328,0.0805232]
[0.0771309,0.128247,-0.988738]
[-0.890628,-0.436886,-0.126145]

[2024-09-11 13:35:33.711] [info] Creating offset frame for radius_r_imu
[2024-09-11 13:35:33.712] [info] Added offset frame for radius_r_imu.
[2024-09-11 13:35:33.712] [info] radius_r_imu offset computed from radius_r_imu data from file.
[2024-09-11 13:35:33.712] [info] Processing radius_l_imu
[2024-09-11 13:35:33.712] [info] Computed offset for radius_l_imu
[2024-09-11 13:35:33.712] [info] Offset is 
[-0.388418,0.919896,0.0540674]
[-0.101886,0.0154424,-0.994676]
[-0.915834,-0.391858,0.087726]

[2024-09-11 13:35:33.712] [info] Creating offset frame for radius_l_imu
[2024-09-11 13:35:33.713] [info] Added offset frame for radius_l_imu.
[2024-09-11 13:35:33.713] [info] radius_l_imu offset computed from radius_l_imu data from file.
[2024-09-11 13:35:33.713] [info] Processing pelvis_imu
[2024-09-11 13:35:33.713] [info] Computed offset for pelvis_imu
[2024-09-11 13:35:33.713] [info] Offset is 
[-0.119933,0.992526,-0.0225276]
[-0.591436,-0.0896553,-0.801352]
[-0.797383,-0.082785,0.597768]

[2024-09-11 13:35:33.713] [info] Creating offset frame for pelvis_imu
[2024-09-11 13:35:33.714] [info] Added offset frame for pelvis_imu.
[2024-09-11 13:35:33.714] [info] pelvis_imu offset computed from pelvis_imu data from file.
[2024-09-11 13:35:33.714] [info] Processing femur_r_imu
[2024-09-11 13:35:33.714] [info] Computed offset for femur_r_imu
[2024-09-11 13:35:33.714] [info] Offset is 
[-0.452913,0.887977,0.0797891]
[0.000890249,0.0899447,-0.995946]
[-0.891554,-0.451006,-0.0415277]

[2024-09-11 13:35:33.714] [info] Creating offset frame for femur_r_imu
[2024-09-11 13:35:33.714] [info] Added offset frame for femur_r_imu.
[2024-09-11 13:35:33.715] [info] femur_r_imu offset computed from femur_r_imu data from file.
[2024-09-11 13:35:33.715] [info] Processing femur_l_imu
[2024-09-11 13:35:33.715] [info] Computed offset for femur_l_imu
[2024-09-11 13:35:33.715] [info] Offset is 
[-0.954111,0.264351,0.140682]
[-0.108325,0.133294,-0.985139]
[-0.279175,-0.955171,-0.0985417]

[2024-09-11 13:35:33.715] [info] Creating offset frame for femur_l_imu
[2024-09-11 13:35:33.715] [info] Added offset frame for femur_l_imu.
[2024-09-11 13:35:33.715] [info] femur_l_imu offset computed from femur_l_imu data from file.
[2024-09-11 13:35:33.715] [info] Processing tibia_r_imu
[2024-09-11 13:35:33.715] [info] Computed offset for tibia_r_imu
[2024-09-11 13:35:33.715] [info] Offset is 
[-0.37436,0.925065,0.0641032]
[0.00725564,0.0720502,-0.997375]
[-0.927255,-0.372912,-0.0336847]

[2024-09-11 13:35:33.715] [info] Creating offset frame for tibia_r_imu
[2024-09-11 13:35:33.716] [info] Added offset frame for tibia_r_imu.
[2024-09-11 13:35:33.716] [info] tibia_r_imu offset computed from tibia_r_imu data from file.
[2024-09-11 13:35:33.716] [info] Processing tibia_l_imu
[2024-09-11 13:35:33.716] [info] Computed offset for tibia_l_imu
[2024-09-11 13:35:33.716] [info] Offset is 
[-0.232034,0.970783,0.0611607]
[-0.0287202,0.0560119,-0.998017]
[-0.972284,-0.23333,0.0148844]

[2024-09-11 13:35:33.716] [info] Creating offset frame for tibia_l_imu
[2024-09-11 13:35:33.717] [info] Added offset frame for tibia_l_imu.
[2024-09-11 13:35:33.717] [info] tibia_l_imu offset computed from tibia_l_imu data from file.
[2024-09-11 13:36:13.491] [info] Loading orientations as quaternions from 'E:\data\opensim\self_defination_model\orientation_file\greeting_orientation.sto'...
[2024-09-11 13:36:13.560] [info] InverseKinematicsSolver found 10 model frames to track.
[2024-09-11 13:36:13.595] [info] Solved at time: 0.0 s
[2024-09-11 13:36:13.602] [info] Solved at time: 0.0192308 s
[2024-09-11 13:36:13.616] [info] Solved at time: 0.0384615 s
[2024-09-11 13:36:13.621] [info] Solved at time: 0.0576923 s
[2024-09-11 13:36:13.632] [info] Solved at time: 0.0769231 s
[2024-09-11 13:36:13.642] [info] Solved at time: 0.0961538 s
[2024-09-11 13:36:13.650] [info] Solved at time: 0.115385 s
[2024-09-11 13:36:13.659] [info] Solved at time: 0.134615 s
[2024-09-11 13:36:13.662] [warning] Coordinate.setValue:  coordinate subtalar_angle_r is locked. Unable to change its value.
[2024-09-11 13:36:13.662] [warning] Coordinate.setValue:  coordinate mtp_angle_r is locked. Unable to change its value.
[2024-09-11 13:36:13.662] [warning] Coordinate.setValue:  coordinate subtalar_angle_l is locked. Unable to change its value.
[2024-09-11 13:36:13.662] [warning] Coordinate.setValue:  coordinate mtp_angle_l is locked. Unable to change its value.
[2024-09-11 13:36:13.662] [warning] Coordinate.setValue:  coordinate lumbar_extension is locked. Unable to change its value.
[2024-09-11 13:36:13.662] [warning] Coordinate.setValue:  coordinate lumbar_bending is locked. Unable to change its value.
[2024-09-11 13:36:13.662] [warning] Coordinate.setValue:  coordinate lumbar_rotation is locked. Unable to change its value.
[2024-09-11 13:36:13.662] [warning] Coordinate.setValue:  coordinate arm_flex_r is locked. Unable to change its value.
[2024-09-11 13:36:13.662] [warning] Coordinate.setValue:  coordinate arm_add_r is locked. Unable to change its value.
[2024-09-11 13:36:13.662] [warning] Coordinate.setValue:  coordinate arm_rot_r is locked. Unable to change its value.
[2024-09-11 13:36:13.662] [warning] Coordinate.setValue:  coordinate elbow_flex_r is locked. Unable to change its value.
[2024-09-11 13:36:13.662] [warning] Coordinate.setValue:  coordinate pro_sup_r is locked. Unable to change its value.
[2024-09-11 13:36:13.662] [warning] Coordinate.setValue:  coordinate wrist_flex_r is locked. Unable to change its value.
[2024-09-11 13:36:13.662] [warning] Coordinate.setValue:  coordinate wrist_dev_r is locked. Unable to change its value.
[2024-09-11 13:36:13.662] [warning] Coordinate.setValue:  coordinate arm_flex_l is locked. Unable to change its value.
[2024-09-11 13:36:13.662] [warning] Coordinate.setValue:  coordinate arm_add_l is locked. Unable to change its value.
[2024-09-11 13:36:13.662] [warning] Coordinate.setValue:  coordinate arm_rot_l is locked. Unable to change its value.
[2024-09-11 13:36:13.662] [warning] Coordinate.setValue:  coordinate elbow_flex_l is locked. Unable to change its value.
[2024-09-11 13:36:13.662] [warning] Coordinate.setValue:  coordinate wrist_flex_l is locked. Unable to change its value.
[2024-09-11 13:36:13.662] [warning] Coordinate.setValue:  coordinate wrist_dev_l is locked. Unable to change its value.
[2024-09-11 13:36:13.675] [info] Solved at time: 0.153846 s
[2024-09-11 13:36:13.688] [info] Solved at time: 0.173077 s
[2024-09-11 13:36:13.696] [info] Solved at time: 0.192308 s
[2024-09-11 13:36:13.703] [info] Solved at time: 0.211538 s
[2024-09-11 13:36:13.714] [info] Solved at time: 0.230769 s
[2024-09-11 13:36:13.741] [info] Solved at time: 0.25 s
[2024-09-11 13:36:13.753] [info] Solved at time: 0.269231 s
[2024-09-11 13:36:13.761] [info] Solved at time: 0.288462 s
[2024-09-11 13:36:13.770] [info] Solved at time: 0.307692 s
[2024-09-11 13:36:13.773] [warning] Coordinate.setValue:  coordinate pro_sup_l is locked. Unable to change its value.
[2024-09-11 13:36:13.785] [info] Solved at time: 0.326923 s
[2024-09-11 13:36:13.793] [info] Solved at time: 0.346154 s
[2024-09-11 13:36:13.804] [info] Solved at time: 0.365385 s
[2024-09-11 13:36:13.811] [info] Solved at time: 0.384615 s
[2024-09-11 13:36:13.820] [info] Solved at time: 0.403846 s
[2024-09-11 13:36:13.830] [info] Solved at time: 0.423077 s
[2024-09-11 13:36:13.840] [info] Solved at time: 0.442308 s
[2024-09-11 13:36:13.850] [info] Solved at time: 0.461538 s
[2024-09-11 13:36:13.858] [info] Solved at time: 0.480769 s
[2024-09-11 13:36:13.868] [info] Solved at time: 0.5 s
[2024-09-11 13:36:13.879] [info] Solved at time: 0.519231 s
[2024-09-11 13:36:13.890] [info] Solved at time: 0.538462 s
[2024-09-11 13:36:13.902] [info] Solved at time: 0.557692 s
[2024-09-11 13:36:13.911] [info] Solved at time: 0.576923 s
[2024-09-11 13:36:13.920] [info] Solved at time: 0.596154 s
[2024-09-11 13:36:13.930] [info] Solved at time: 0.615385 s
[2024-09-11 13:36:13.941] [info] Solved at time: 0.634615 s
[2024-09-11 13:36:13.958] [info] Solved at time: 0.653846 s
[2024-09-11 13:36:13.980] [info] Solved at time: 0.673077 s
[2024-09-11 13:36:13.991] [info] Solved at time: 0.692308 s
[2024-09-11 13:36:14.003] [info] Solved at time: 0.711538 s
[2024-09-11 13:36:14.014] [info] Solved at time: 0.730769 s
[2024-09-11 13:36:14.025] [info] Solved at time: 0.75 s
[2024-09-11 13:36:14.040] [info] Solved at time: 0.769231 s
[2024-09-11 13:36:14.052] [info] Solved at time: 0.788462 s
[2024-09-11 13:36:14.063] [info] Solved at time: 0.807692 s
[2024-09-11 13:36:14.078] [info] Solved at time: 0.826923 s
[2024-09-11 13:36:14.086] [info] Solved at time: 0.846154 s
[2024-09-11 13:36:14.096] [info] Solved at time: 0.865385 s
[2024-09-11 13:36:14.110] [info] Solved at time: 0.884615 s
[2024-09-11 13:36:14.124] [info] Solved at time: 0.903846 s
[2024-09-11 13:36:14.133] [info] Solved at time: 0.923077 s
[2024-09-11 13:36:14.150] [info] Solved at time: 0.942308 s
[2024-09-11 13:36:14.162] [info] Solved at time: 0.961538 s
[2024-09-11 13:36:14.177] [info] Solved at time: 0.980769 s
[2024-09-11 13:36:14.191] [info] Solved at time: 1.0 s
[2024-09-11 13:36:14.203] [info] Solved at time: 1.01923 s
[2024-09-11 13:36:14.212] [info] Solved at time: 1.03846 s
[2024-09-11 13:36:14.225] [info] Solved at time: 1.05769 s
[2024-09-11 13:36:14.237] [info] Solved at time: 1.07692 s
[2024-09-11 13:36:14.252] [info] Solved at time: 1.09615 s
[2024-09-11 13:36:14.265] [info] Solved at time: 1.11538 s
[2024-09-11 13:36:14.284] [info] Solved at time: 1.13462 s
[2024-09-11 13:36:14.297] [info] Solved at time: 1.15385 s
[2024-09-11 13:36:14.309] [info] Solved at time: 1.17308 s
[2024-09-11 13:36:14.322] [info] Solved at time: 1.19231 s
[2024-09-11 13:36:14.332] [info] Solved at time: 1.21154 s
[2024-09-11 13:36:14.344] [info] Solved at time: 1.23077 s
[2024-09-11 13:36:14.361] [info] Solved at time: 1.25 s
[2024-09-11 13:36:14.375] [info] Solved at time: 1.26923 s
[2024-09-11 13:36:14.388] [info] Solved at time: 1.28846 s
[2024-09-11 13:36:14.400] [info] Solved at time: 1.30769 s
[2024-09-11 13:36:14.412] [info] Solved at time: 1.32692 s
[2024-09-11 13:36:14.427] [info] Solved at time: 1.34615 s
[2024-09-11 13:36:14.441] [info] Solved at time: 1.36538 s
[2024-09-11 13:36:14.452] [info] Solved at time: 1.38462 s
[2024-09-11 13:36:14.464] [info] Solved at time: 1.40385 s
[2024-09-11 13:36:14.478] [info] Solved at time: 1.42308 s
[2024-09-11 13:36:14.490] [info] Solved at time: 1.44231 s
[2024-09-11 13:36:14.507] [info] Solved at time: 1.46154 s
[2024-09-11 13:36:14.518] [info] Solved at time: 1.48077 s
[2024-09-11 13:36:14.531] [info] Solved at time: 1.5 s
[2024-09-11 13:36:14.545] [info] Solved at time: 1.51923 s
[2024-09-11 13:36:14.555] [info] Solved at time: 1.53846 s
[2024-09-11 13:36:14.567] [info] Solved at time: 1.55769 s
[2024-09-11 13:36:14.579] [info] Solved at time: 1.57692 s
[2024-09-11 13:36:14.589] [info] Solved at time: 1.59615 s
[2024-09-11 13:36:14.598] [info] Solved at time: 1.61538 s
[2024-09-11 13:36:14.608] [info] Solved at time: 1.63462 s
[2024-09-11 13:36:14.616] [info] Solved at time: 1.65385 s
[2024-09-11 13:36:14.629] [info] Solved at time: 1.67308 s
[2024-09-11 13:36:14.639] [info] Solved at time: 1.69231 s
[2024-09-11 13:36:14.651] [info] Solved at time: 1.71154 s
[2024-09-11 13:36:14.668] [info] Solved at time: 1.73077 s
[2024-09-11 13:36:14.680] [info] Solved at time: 1.75 s
[2024-09-11 13:36:14.697] [info] Solved at time: 1.76923 s
[2024-09-11 13:36:14.716] [info] Solved at time: 1.78846 s
[2024-09-11 13:36:14.731] [info] Solved at time: 1.80769 s
[2024-09-11 13:36:14.742] [info] Solved at time: 1.82692 s
[2024-09-11 13:36:14.752] [info] Solved at time: 1.84615 s
[2024-09-11 13:36:14.764] [info] Solved at time: 1.86538 s
[2024-09-11 13:36:14.773] [info] Solved at time: 1.88462 s
[2024-09-11 13:36:14.788] [info] Solved at time: 1.90385 s
[2024-09-11 13:36:14.797] [info] Solved at time: 1.92308 s
[2024-09-11 13:36:14.806] [info] Solved at time: 1.94231 s
[2024-09-11 13:36:14.817] [info] Solved at time: 1.96154 s
[2024-09-11 13:36:14.833] [info] Solved at time: 1.98077 s
[2024-09-11 13:36:14.848] [info] Solved at time: 2.0 s
[2024-09-11 13:36:14.858] [info] Solved at time: 2.01923 s
[2024-09-11 13:36:14.867] [info] Solved at time: 2.03846 s
[2024-09-11 13:36:14.879] [info] Solved at time: 2.05769 s
[2024-09-11 13:36:14.892] [info] Solved at time: 2.07692 s
[2024-09-11 13:36:14.906] [info] Solved at time: 2.09615 s
[2024-09-11 13:36:14.914] [info] Solved at time: 2.11538 s
[2024-09-11 13:36:14.930] [info] Solved at time: 2.13462 s
[2024-09-11 13:36:14.944] [info] Solved at time: 2.15385 s
[2024-09-11 13:36:14.955] [info] Solved at time: 2.17308 s
[2024-09-11 13:36:14.967] [info] Solved at time: 2.19231 s
[2024-09-11 13:36:14.978] [info] Solved at time: 2.21154 s
[2024-09-11 13:36:14.985] [info] Solved at time: 2.23077 s
[2024-09-11 13:36:14.994] [info] Solved at time: 2.25 s
[2024-09-11 13:36:15.007] [info] Solved at time: 2.26923 s
[2024-09-11 13:36:15.018] [info] Solved at time: 2.28846 s
[2024-09-11 13:36:15.027] [info] Solved at time: 2.30769 s
[2024-09-11 13:36:15.038] [info] Solved at time: 2.32692 s
[2024-09-11 13:36:15.050] [info] Solved at time: 2.34615 s
[2024-09-11 13:36:15.060] [info] Solved at time: 2.36538 s
[2024-09-11 13:36:15.073] [info] Solved at time: 2.38462 s
[2024-09-11 13:36:15.083] [info] Solved at time: 2.40385 s
[2024-09-11 13:36:15.092] [info] Solved at time: 2.42308 s
[2024-09-11 13:36:15.103] [info] Solved at time: 2.44231 s
[2024-09-11 13:36:15.113] [info] Solved at time: 2.46154 s
[2024-09-11 13:36:15.126] [info] Solved at time: 2.48077 s
[2024-09-11 13:36:15.134] [info] Solved at time: 2.5 s
[2024-09-11 13:36:15.143] [info] Solved at time: 2.51923 s
[2024-09-11 13:36:15.152] [info] Solved at time: 2.53846 s
[2024-09-11 13:36:15.160] [info] Solved at time: 2.55769 s
[2024-09-11 13:36:15.176] [info] Solved at time: 2.57692 s
[2024-09-11 13:36:15.184] [info] Solved at time: 2.59615 s
[2024-09-11 13:36:15.194] [info] Solved at time: 2.61538 s
[2024-09-11 13:36:15.203] [info] Solved at time: 2.63462 s
[2024-09-11 13:36:15.214] [info] Solved at time: 2.65385 s
[2024-09-11 13:36:15.225] [info] Solved at time: 2.67308 s
[2024-09-11 13:36:15.231] [info] Solved at time: 2.69231 s
[2024-09-11 13:36:15.242] [info] Solved at time: 2.71154 s
[2024-09-11 13:36:15.254] [info] Solved at time: 2.73077 s
[2024-09-11 13:36:15.264] [info] Solved at time: 2.75 s
[2024-09-11 13:36:15.277] [info] Solved at time: 2.76923 s
[2024-09-11 13:36:15.289] [info] Solved at time: 2.78846 s
[2024-09-11 13:36:15.298] [info] Solved at time: 2.80769 s
[2024-09-11 13:36:15.311] [info] Solved at time: 2.82692 s
[2024-09-11 13:36:15.327] [info] Wrote IK with IMU tracking results to: 'ouput_greeting.mot'.
[2024-09-11 13:39:57.161] [info] Updating Model file from 40000 to latest format...
[2024-09-11 13:39:57.168] [info] Loaded model OpenSense_Subject from file E:\data\opensim\self_defination_model\model\Rajagopal2015_opensense.osim
[2024-09-11 13:40:13.122] [info] Heading correction computed to be 92.0598 degs about ground Y.
[2024-09-11 13:40:13.123] [info] Processing torso_imu
[2024-09-11 13:40:13.123] [info] Computed offset for torso_imu
[2024-09-11 13:40:13.123] [info] Offset is 
[-0.00171003,0.00692772,0.999975]
[0.239516,-0.970866,0.00713565]
[0.970891,0.239522,9.15639e-07]

[2024-09-11 13:40:13.123] [info] Creating offset frame for torso_imu
[2024-09-11 13:40:13.124] [info] Added offset frame for torso_imu.
[2024-09-11 13:40:13.124] [info] torso_imu offset computed from torso_imu data from file.
[2024-09-11 13:40:13.124] [info] Processing humerus_r_imu
[2024-09-11 13:40:13.124] [info] Computed offset for humerus_r_imu
[2024-09-11 13:40:13.124] [info] Offset is 
[0.0444712,-0.00953441,0.998965]
[0.262614,-0.964675,-0.020898]
[0.963876,0.263271,-0.0403964]

[2024-09-11 13:40:13.124] [info] Creating offset frame for humerus_r_imu
[2024-09-11 13:40:13.125] [info] Added offset frame for humerus_r_imu.
[2024-09-11 13:40:13.125] [info] humerus_r_imu offset computed from humerus_r_imu data from file.
[2024-09-11 13:40:13.125] [info] Processing humerus_l_imu
[2024-09-11 13:40:13.125] [info] Computed offset for humerus_l_imu
[2024-09-11 13:40:13.125] [info] Offset is 
[0.025423,0.0189942,0.999496]
[0.327906,-0.944661,0.00961154]
[0.944368,0.327497,-0.0302445]

[2024-09-11 13:40:13.125] [info] Creating offset frame for humerus_l_imu
[2024-09-11 13:40:13.125] [info] Added offset frame for humerus_l_imu.
[2024-09-11 13:40:13.125] [info] humerus_l_imu offset computed from humerus_l_imu data from file.
[2024-09-11 13:40:13.125] [info] Processing radius_r_imu
[2024-09-11 13:40:13.125] [info] Computed offset for radius_r_imu
[2024-09-11 13:40:13.125] [info] Offset is 
[-0.0498625,-0.105251,0.993195]
[0.648501,-0.759702,-0.0479501]
[0.759579,0.641697,0.106136]

[2024-09-11 13:40:13.125] [info] Creating offset frame for radius_r_imu
[2024-09-11 13:40:13.126] [info] Added offset frame for radius_r_imu.
[2024-09-11 13:40:13.126] [info] radius_r_imu offset computed from radius_r_imu data from file.
[2024-09-11 13:40:13.126] [info] Processing radius_l_imu
[2024-09-11 13:40:13.126] [info] Computed offset for radius_l_imu
[2024-09-11 13:40:13.126] [info] Offset is 
[0.130432,0.00616393,0.991438]
[0.596556,-0.799198,-0.0735133]
[0.791902,0.601036,-0.107918]

[2024-09-11 13:40:13.126] [info] Creating offset frame for radius_l_imu
[2024-09-11 13:40:13.126] [info] Added offset frame for radius_l_imu.
[2024-09-11 13:40:13.126] [info] radius_l_imu offset computed from radius_l_imu data from file.
[2024-09-11 13:40:13.126] [info] Processing pelvis_imu
[2024-09-11 13:40:13.126] [info] Computed offset for pelvis_imu
[2024-09-11 13:40:13.126] [info] Offset is 
[0.617845,0.101034,0.779782]
[0.30751,-0.943773,-0.121367]
[0.723675,0.314777,-0.614175]

[2024-09-11 13:40:13.126] [info] Creating offset frame for pelvis_imu
[2024-09-11 13:40:13.127] [info] Added offset frame for pelvis_imu.
[2024-09-11 13:40:13.127] [info] pelvis_imu offset computed from pelvis_imu data from file.
[2024-09-11 13:40:13.127] [info] Processing femur_r_imu
[2024-09-11 13:40:13.127] [info] Computed offset for femur_r_imu
[2024-09-11 13:40:13.127] [info] Offset is 
[0.0263202,-0.0665011,0.997439]
[0.653354,-0.754036,-0.0675135]
[0.756595,0.653458,0.0236024]

[2024-09-11 13:40:13.127] [info] Creating offset frame for femur_r_imu
[2024-09-11 13:40:13.127] [info] Added offset frame for femur_r_imu.
[2024-09-11 13:40:13.127] [info] femur_r_imu offset computed from femur_r_imu data from file.
[2024-09-11 13:40:13.127] [info] Processing femur_l_imu
[2024-09-11 13:40:13.127] [info] Computed offset for femur_l_imu
[2024-09-11 13:40:13.127] [info] Offset is 
[0.10978,-0.0976012,0.989152]
[0.99321,-0.0277695,-0.11297]
[0.0384943,0.994838,0.0938899]

[2024-09-11 13:40:13.127] [info] Creating offset frame for femur_l_imu
[2024-09-11 13:40:13.128] [info] Added offset frame for femur_l_imu.
[2024-09-11 13:40:13.128] [info] femur_l_imu offset computed from femur_l_imu data from file.
[2024-09-11 13:40:13.128] [info] Processing tibia_r_imu
[2024-09-11 13:40:13.128] [info] Computed offset for tibia_r_imu
[2024-09-11 13:40:13.128] [info] Offset is 
[0.0218812,-0.0510239,0.998458]
[0.585644,-0.808756,-0.0541641]
[0.810273,0.585926,0.0121853]

[2024-09-11 13:40:13.128] [info] Creating offset frame for tibia_r_imu
[2024-09-11 13:40:13.128] [info] Added offset frame for tibia_r_imu.
[2024-09-11 13:40:13.128] [info] tibia_r_imu offset computed from tibia_r_imu data from file.
[2024-09-11 13:40:13.128] [info] Processing tibia_l_imu
[2024-09-11 13:40:13.129] [info] Computed offset for tibia_l_imu
[2024-09-11 13:40:13.129] [info] Offset is 
[0.0606309,-0.0394729,0.997379]
[0.458254,-0.886589,-0.0629455]
[0.886751,0.46087,-0.0356661]

[2024-09-11 13:40:13.129] [info] Creating offset frame for tibia_l_imu
[2024-09-11 13:40:13.129] [info] Added offset frame for tibia_l_imu.
[2024-09-11 13:40:13.129] [info] tibia_l_imu offset computed from tibia_l_imu data from file.
[2024-09-11 13:40:38.043] [info] Loading orientations as quaternions from 'E:\data\opensim\self_defination_model\orientation_file\greeting_orientation.sto'...
[2024-09-11 13:40:38.052] [info] InverseKinematicsSolver found 10 model frames to track.
[2024-09-11 13:40:38.066] [info] Solved at time: 0.0 s
[2024-09-11 13:40:38.075] [info] Solved at time: 0.0192308 s
[2024-09-11 13:40:38.083] [info] Solved at time: 0.0384615 s
[2024-09-11 13:40:38.091] [info] Solved at time: 0.0576923 s
[2024-09-11 13:40:38.102] [info] Solved at time: 0.0769231 s
[2024-09-11 13:40:38.108] [info] Solved at time: 0.0961538 s
[2024-09-11 13:40:38.114] [info] Solved at time: 0.115385 s
[2024-09-11 13:40:38.122] [info] Solved at time: 0.134615 s
[2024-09-11 13:40:38.127] [info] Solved at time: 0.153846 s
[2024-09-11 13:40:38.135] [info] Solved at time: 0.173077 s
[2024-09-11 13:40:38.143] [info] Solved at time: 0.192308 s
[2024-09-11 13:40:38.150] [info] Solved at time: 0.211538 s
[2024-09-11 13:40:38.156] [info] Solved at time: 0.230769 s
[2024-09-11 13:40:38.165] [info] Solved at time: 0.25 s
[2024-09-11 13:40:38.168] [warning] Coordinate.setValue:  coordinate subtalar_angle_r is locked. Unable to change its value.
[2024-09-11 13:40:38.168] [warning] Coordinate.setValue:  coordinate mtp_angle_r is locked. Unable to change its value.
[2024-09-11 13:40:38.168] [warning] Coordinate.setValue:  coordinate subtalar_angle_l is locked. Unable to change its value.
[2024-09-11 13:40:38.168] [warning] Coordinate.setValue:  coordinate mtp_angle_l is locked. Unable to change its value.
[2024-09-11 13:40:38.168] [warning] Coordinate.setValue:  coordinate lumbar_extension is locked. Unable to change its value.
[2024-09-11 13:40:38.168] [warning] Coordinate.setValue:  coordinate lumbar_bending is locked. Unable to change its value.
[2024-09-11 13:40:38.168] [warning] Coordinate.setValue:  coordinate lumbar_rotation is locked. Unable to change its value.
[2024-09-11 13:40:38.168] [warning] Coordinate.setValue:  coordinate arm_flex_r is locked. Unable to change its value.
[2024-09-11 13:40:38.168] [warning] Coordinate.setValue:  coordinate arm_add_r is locked. Unable to change its value.
[2024-09-11 13:40:38.168] [warning] Coordinate.setValue:  coordinate arm_rot_r is locked. Unable to change its value.
[2024-09-11 13:40:38.168] [warning] Coordinate.setValue:  coordinate wrist_flex_r is locked. Unable to change its value.
[2024-09-11 13:40:38.168] [warning] Coordinate.setValue:  coordinate wrist_dev_r is locked. Unable to change its value.
[2024-09-11 13:40:38.168] [warning] Coordinate.setValue:  coordinate arm_flex_l is locked. Unable to change its value.
[2024-09-11 13:40:38.168] [warning] Coordinate.setValue:  coordinate arm_add_l is locked. Unable to change its value.
[2024-09-11 13:40:38.168] [warning] Coordinate.setValue:  coordinate arm_rot_l is locked. Unable to change its value.
[2024-09-11 13:40:38.168] [warning] Coordinate.setValue:  coordinate elbow_flex_l is locked. Unable to change its value.
[2024-09-11 13:40:38.168] [warning] Coordinate.setValue:  coordinate wrist_flex_l is locked. Unable to change its value.
[2024-09-11 13:40:38.168] [warning] Coordinate.setValue:  coordinate wrist_dev_l is locked. Unable to change its value.
[2024-09-11 13:40:38.179] [info] Solved at time: 0.269231 s
